-393647,992645
-393648,992645
-393647,992646
-393648,992646
-393649,992645
-393649,992646
-393647,992647
-393648,992647
-393649,992647
-393650,992645
-393650,992646
-393650,992647
-393647,992648
-393648,992648
-393649,992648
-393650,992648
-393651,992645
-393651,992646
-393651,992647
-393651,992648
-393652,992645
-393652,992646
-393652,992647
-393652,992648
-393647,992649
-393647,992650
-393648,992649
-393648,992650
-393649,992649
-393649,992650
-393650,992649
-393650,992650
-393651,992649
-393651,992650
-393652,992649
-393652,992650
-393653,992645
-393653,992646
-393653,992647
-393653,992648
-393653,992649
-393653,992650
-393647,992651
-393648,992651
-393649,992651
-393650,992651
-393651,992651
-393652,992651
-393653,992651
-393654,992645
-393654,992646
-393654,992647
-393654,992648
-393654,992649
-393654,992650
-393654,992651
-393647,992652
-393647,992653
-393648,992652
-393648,992653
-393649,992652
-393649,992653
-393650,992652
-393650,992653
-393651,992652
-393651,992653
-393652,992652
-393652,992653
-393653,992652
-393653,992653
-393654,992652
-393654,992653
-393655,992645
-393655,992646
-393655,992647
-393655,992648
-393655,992649
-393655,992650
-393655,992651
-393655,992652
-393655,992653
-393656,992645
-393656,992646
-393656,992647
-393656,992648
-393656,992649
-393656,992650
-393656,992651
-393656,992652
-393656,992653
-393647,992654
-393648,992654
-393649,992654
-393650,992654
-393651,992654
-393652,992654
-393653,992654
-393654,992654
-393655,992654
-393656,992654
-393657,992645
-393657,992646
-393657,992647
-393657,992648
-393657,992649
-393657,992650
-393657,992651
-393657,992652
-393657,992653
-393657,992654
-393647,992655
-393647,992656
-393648,992655
-393648,992656
-393649,992655
-393649,992656
-393650,992655
-393650,992656
-393651,992655
-393651,992656
-393652,992655
-393652,992656
-393653,992655
-393653,992656
-393654,992655
-393654,992656
-393655,992655
-393655,992656
-393656,992655
-393656,992656
-393657,992655
-393657,992656
-393658,992645
-393658,992646
-393658,992647
-393658,992648
-393658,992649
-393658,992650
-393658,992651
-393658,992652
-393658,992653
-393658,992654
-393658,992655
-393658,992656
-393647,992657
-393648,992657
-393649,992657
-393650,992657
-393651,992657
-393652,992657
-393653,992657
-393654,992657
-393655,992657
-393656,992657
-393657,992657
-393658,992657
-393659,992645
-393659,992646
-393659,992647
-393659,992648
-393659,992649
-393659,992650
-393659,992651
-393659,992652
-393659,992653
-393659,992654
-393659,992655
-393659,992656
-393659,992657
-393647,992658
-393647,992659
-393647,992660
-393648,992658
-393648,992659
-393648,992660
-393649,992658
-393649,992659
-393649,992660
-393650,992658
-393650,992659
-393650,992660
-393651,992658
-393651,992659
-393651,992660
-393652,992658
-393652,992659
-393652,992660
-393653,992658
-393653,992659
-393653,992660
-393654,992658
-393654,992659
-393654,992660
-393655,992658
-393655,992659
-393655,992660
-393656,992658
-393656,992659
-393656,992660
-393657,992658
-393657,992659
-393657,992660
-393658,992658
-393658,992659
-393658,992660
-393659,992658
-393659,992659
-393659,992660
-393660,992645
-393660,992646
-393660,992647
-393660,992648
-393660,992649
-393660,992650
-393660,992651
-393660,992652
-393660,992653
-393660,992654
-393660,992655
-393660,992656
-393660,992657
-393660,992658
-393660,992659
-393660,992660
-393661,992645
-393661,992646
-393661,992647
-393661,992648
-393661,992649
-393661,992650
-393661,992651
-393661,992652
-393661,992653
-393661,992654
-393661,992655
-393661,992656
-393661,992657
-393661,992658
-393661,992659
-393661,992660
-393647,992661
-393648,992661
-393649,992661
-393650,992661
-393651,992661
-393652,992661
-393653,992661
-393654,992661
-393655,992661
-393656,992661
-393657,992661
-393658,992661
-393659,992661
-393660,992661
-393661,992661
-393662,992645
-393662,992646
-393662,992647
-393662,992648
-393662,992649
-393662,992650
-393662,992651
-393662,992652
-393662,992653
-393662,992654
-393662,992655
-393662,992656
-393662,992657
-393662,992658
-393662,992659
-393662,992660
-393662,992661
-393647,992662
-393648,992662
-393649,992662
-393650,992662
-393651,992662
-393652,992662
-393653,992662
-393654,992662
-393655,992662
-393656,992662
-393657,992662
-393658,992662
-393659,992662
-393660,992662
-393661,992662
-393662,992662
-393663,992645
-393663,992646
-393663,992647
-393663,992648
-393663,992649
-393663,992650
-393663,992651
-393663,992652
-393663,992653
-393663,992654
-393663,992655
-393663,992656
-393663,992657
-393663,992658
-393663,992659
-393663,992660
-393663,992661
-393663,992662
-393647,992663
-393648,992663
-393649,992663
-393650,992663
-393651,992663
-393652,992663
-393653,992663
-393654,992663
-393655,992663
-393656,992663
-393657,992663
-393658,992663
-393659,992663
-393660,992663
-393661,992663
-393662,992663
-393663,992663
-393647,992664
-393647,992665
-393648,992664
-393648,992665
-393649,992664
-393649,992665
-393650,992664
-393650,992665
-393651,992664
-393651,992665
-393652,992664
-393652,992665
-393653,992664
-393653,992665
-393654,992664
-393654,992665
-393655,992664
-393655,992665
-393656,992664
-393656,992665
-393657,992664
-393657,992665
-393658,992664
-393658,992665
-393659,992664
-393659,992665
-393660,992664
-393660,992665
-393661,992664
-393661,992665
-393662,992664
-393662,992665
-393663,992664
-393663,992665
-393664,992645
-393664,992646
-393664,992647
-393664,992648
-393664,992649
-393664,992650
-393664,992651
-393664,992652
-393664,992653
-393664,992654
-393664,992655
-393664,992656
-393664,992657
-393664,992658
-393664,992659
-393664,992660
-393664,992661
-393664,992662
-393664,992663
-393664,992664
-393664,992665
-393647,992666
-393647,992667
-393648,992666
-393648,992667
-393649,992666
-393649,992667
-393650,992666
-393650,992667
-393651,992666
-393651,992667
-393652,992666
-393652,992667
-393653,992666
-393653,992667
-393654,992666
-393654,992667
-393655,992666
-393655,992667
-393656,992666
-393656,992667
-393657,992666
-393657,992667
-393658,992666
-393658,992667
-393659,992666
-393659,992667
-393660,992666
-393660,992667
-393661,992666
-393661,992667
-393662,992666
-393662,992667
-393663,992666
-393663,992667
-393664,992666
-393664,992667
-393665,992645
-393665,992646
-393665,992647
-393665,992648
-393665,992649
-393665,992650
-393665,992651
-393665,992652
-393665,992653
-393665,992654
-393665,992655
-393665,992656
-393665,992657
-393665,992658
-393665,992659
-393665,992660
-393665,992661
-393665,992662
-393665,992663
-393665,992664
-393665,992665
-393665,992666
-393665,992667
-393647,992668
-393648,992668
-393649,992668
-393650,992668
-393651,992668
-393652,992668
-393653,992668
-393654,992668
-393655,992668
-393656,992668
-393657,992668
-393658,992668
-393659,992668
-393660,992668
-393661,992668
-393662,992668
-393663,992668
-393664,992668
-393665,992668
-393666,992645
-393666,992646
-393666,992647
-393666,992648
-393666,992649
-393666,992650
-393666,992651
-393666,992652
-393666,992653
-393666,992654
-393666,992655
-393666,992656
-393666,992657
-393666,992658
-393666,992659
-393666,992660
-393666,992661
-393666,992662
-393666,992663
-393666,992664
-393666,992665
-393666,992666
-393666,992667
-393666,992668
-393667,992645
-393667,992646
-393667,992647
-393667,992648
-393667,992649
-393667,992650
-393667,992651
-393667,992652
-393667,992653
-393667,992654
-393667,992655
-393667,992656
-393667,992657
-393667,992658
-393667,992659
-393667,992660
-393667,992661
-393667,992662
-393667,992663
-393667,992664
-393667,992665
-393667,992666
-393667,992667
-393667,992668
-393647,992669
-393648,992669
-393649,992669
-393650,992669
-393651,992669
-393652,992669
-393653,992669
-393654,992669
-393655,992669
-393656,992669
-393657,992669
-393658,992669
-393659,992669
-393660,992669
-393661,992669
-393662,992669
-393663,992669
-393664,992669
-393665,992669
-393666,992669
-393667,992669
-393647,992670
-393648,992670
-393649,992670
-393650,992670
-393651,992670
-393652,992670
-393653,992670
-393654,992670
-393655,992670
-393656,992670
-393657,992670
-393658,992670
-393659,992670
-393660,992670
-393661,992670
-393662,992670
-393663,992670
-393664,992670
-393665,992670
-393666,992670
-393667,992670
-393647,992671
-393648,992671
-393649,992671
-393650,992671
-393651,992671
-393652,992671
-393653,992671
-393654,992671
-393655,992671
-393656,992671
-393657,992671
-393658,992671
-393659,992671
-393660,992671
-393661,992671
-393662,992671
-393663,992671
-393664,992671
-393665,992671
-393666,992671
-393667,992671
-393668,992645
-393668,992646
-393668,992647
-393668,992648
-393668,992649
-393668,992650
-393668,992651
-393668,992652
-393668,992653
-393668,992654
-393668,992655
-393668,992656
-393668,992657
-393668,992658
-393668,992659
-393668,992660
-393668,992661
-393668,992662
-393668,992663
-393668,992664
-393668,992665
-393668,992666
-393668,992667
-393668,992668
-393668,992669
-393668,992670
-393668,992671
